100
1 7
1 9
1 19
1 24
1 33
1 42
1 52
1 54
1 71
1 77
1 97
2 6
2 9
2 16
2 22
2 69
2 82
2 100
3 5
3 40
3 50
3 54
3 64
3 65
3 73
3 83
4 12
4 21
4 23
4 61
5 16
5 22
5 33
5 89
5 90
6 9
6 19
6 74
6 84
6 95
7 18
7 20
7 24
7 28
7 30
7 58
8 32
8 48
8 57
8 81
9 14
9 15
9 29
9 80
10 21
10 27
10 28
10 49
10 78
10 93
11 13
11 26
11 47
12 26
12 41
12 64
13 33
13 35
13 36
13 71
13 77
14 39
14 77
14 87
15 23
15 49
15 83
16 28
16 53
16 74
17 48
17 53
17 60
17 63
17 95
18 26
18 33
18 41
18 47
18 56
18 59
18 76
19 45
20 31
20 32
20 77
20 98
21 65
21 67
21 86
22 33
22 55
22 84
22 91
23 38
23 69
23 82
24 34
24 37
24 38
24 42
24 53
25 38
25 39
25 72
26 45
26 57
27 65
27 71
27 83
28 34
28 45
29 36
29 92
29 97
30 53
30 80
31 58
32 48
32 56
33 66
34 41
34 89
34 100
35 52
35 54
36 42
36 59
36 94
37 38
37 48
37 53
37 71
37 92
38 52
38 74
38 88
38 99
39 100
40 52
40 97
41 59
41 73
43 53
43 68
44 66
44 82
44 86
45 49
45 68
45 73
45 91
45 93
46 70
46 78
46 83
46 85
46 93
47 78
47 81
47 96
48 78
48 98
48 99
49 54
49 57
50 73
50 77
50 78
50 81
50 99
51 76
51 92
52 54
52 58
52 84
53 82
54 60
54 93
54 94
57 60
57 67
57 83
57 93
58 62
58 68
59 75
59 81
59 87
60 80
61 88
62 98
63 67
63 83
66 95
67 85
67 88
68 92
68 93
69 95
70 85
70 91
71 98
73 97
74 83
74 99
75 90
75 100
77 98
78 96
79 86
80 93
80 94
81 95
82 96
83 97
83 100
84 88
85 95
86 96
93 94
95 96
